hei1.jpg 0 158 249 229 249 191 306 176 318 235 320
hei2.jpg 1 170 247 248 249 213 311 194 329 252 326
hei3.jpg 2 173 245 257 252 211 310 174 313 251 322
hei4.jpg 3 181 249 263 277 200 326 165 319 233 345
hei5.jpg 4 161 264 227 248 195 318 188 341 244 328
hei6.jpg 5 179 256 258 243 224 308 199 336 259 330
hei7.jpg 6 177 257 258 248 223 309 201 335 255 328
hei8.jpg 7 177 244 256 253 207 310 175 323 243 332
hei9.jpg 8 157 242 215 238 173 295 166 320 230 314
hei10.jpg 9 169 257 240 252 192 282 170 321 232 318
hei11.jpg 10 171 248 248 234 220 303 197 332 263 316
hei12.jpg 11 185 257 259 243 236 319 216 346 270 336
hei13.jpg 12 173 240 249 243 203 293 174 322 240 328
hei14.jpg 13 187 241 268 249 227 294 188 323 259 330
hei15.jpg 14 176 243 266 241 224 310 194 337 262 327
hei16.jpg 15 171 247 251 243 210 310 179 324 256 324
hei17.jpg 16 184 241 260 243 222 302 192 329 253 329
hei18.jpg 17 168 251 241 240 205 313 188 337 245 330
hei19.jpg 18 189 232 260 253 208 297 177 319 232 334
hei20.jpg 19 164 249 233 241 193 301 171 327 238 324
